55000002207
30503832565
30503832565
55000002207
34648664003
34643989923
34654581543
30688384547
33693450239
30555975623
30663140996
30708510978
30656017631
30709565075
30500037217
30506919009
20257056628
30617810839
30710418027
30696170580
33693450239
30602507005
30712048685
30708296747
20076271764
20045530907
27200052655
30500064478
30602846063
20133897691
20174003301
30641405554
33711363969
20305265080
30714179922
20134500434
20082737937
30707117261
30638431412
30597212603
30708577916
30616535222
23132773289
30612677499
30619976807
20282219094
20160552353
30715224913
30537836578
20163825520
33714386579
30579958215
30707967990
30500124152
27124157620
30707228993
30702952693
30617069500
30650422496
20222641137
20263953011
27243384333
30520704139
20238064385
30707743588
20078290014
27264650114
27181447171
20207284433
20207023885
27126407292
20245762365
20347522504
20045885020
20073999295
30707219838
30711202656
27329552387
23232847514
20109834158
27326493541
30693758048
30689207398
30712523626
27239527227
33563671209
30712127380
30716150964
27215107162
33711308429
27135317824
30500772324
30715749145
33648611469
27145636634
27207331339
20306200357
20122597750
27293710843
33709344809
30708041293
20278321356
27282934170
20169668664
27202321149
27341103059
27172003996
30646098129
20237246137
20206467119
30697044511
27065132899
27215853875
30570052949
27310615086
20254714462
30690887661
20334572871
30686067412
30714457884
20134041987
30708540680
20317040483
30663288497
30506775244
30655186693
33707364209
30574492811
20044385970
23138071669
30642169226
20113692252
30696703058
30712076484
20257334598
30708496096
27267723570
20171991154
27117277114
20142286409
27272947894
30707044299
20056143131
30714174432
27928965126
27269756107
20148992828
20237881525
20101814387
30506777395
30694602947
20143189695
30712429816
20173632895
27138080973
27050992921
20250443227
20124473390
20086172918
30500008454
27165808210
27205704502
27228749643
27217739689
30707882111
27136550484
23188447929
23229019279
20204388688
27171602659
27181339522
30679030899
20247759965
27309473235
27146234181
30714154547
30516024840
30648434541
27294872715
20365304549
30711069360
27269762573
20176492954
20174383074
23312546949
20293125059
27202139391
30654929692
20221821263
20131177314
23118159594
27353797714
20277571111
30574300858
20234081773
20206902397
27130783142
20133082116
20250522089
20297988760
20123916612
23322637764
23297896229
27349216715
27323590252
27180566770
30711721246
30716455072
30649364040
23277465809
27238046136
30710694466
33716964529
30708809272
30500005625
30517137444
30711285608
30502893188
30708076895
30708861304
30707591044
33710786149
20230535672
30706040125
30678206039
27269166415
27259574507
27119599771
20179984432
27238154281
27237986224
30710544502
27140896387
30654560354
20044209935
23057938099
30529654894
30523456691
20043922115
33699685459
27232500730
30707634401
30655231842
27178032920
27122917709
20180947389
27233037767
20214754933
30557459789
27176067433
20208239474
27178011036
27200033464
20215194885
20182273849
20210948814
27296993838
30711364710
27277458956
20146790675
20102146566
30590360763
20116049415
20045252850
27269166415
30573652084
30711179999
20116597994
30624460444
23285196639
30516773940
30710011016
27259898159
20211382229
20942069767
27233598513
30714442461
23175779744
20043068416
27112034183
27184809635
27181362214
30710907397
20220801277
27206871658
20177336174
27125240912
23263903579
27145682008
20086045258
30526196526
20133054287
27218503182
20225889903
20045594557
20201749272
20136781201
30715688588
20227725479
30500016260
20207176045
20249631087
30546128403
27351722318
27371539978
30715275666
30711322937
27309559784
30707993819
30678617306
30715234269
20261115590
27140113404
23175510079
27144097225
20122327508
20207161978
30707426329
23127269009
20262484476
20305360466
27312879056
27342465531
27127059174
27294847249
27258692921
20264217947
27307285644
30711665311
20261682355
27066803231
30709377716
27954807032
20959829099
27148687868
27216015997
27319994713
27350191130
30708165790
30715716972
30539097810
30716550059
30708574836
30716134047
30707135596
30707277951
30716031191
27328689583
30580111315
20240013291
30687806324
20214959586
20930198782
30707712208
20229622391
30710244010
30584715932
30707295267
33711301629
30516186670
30711271429
20211641569
30708115483
20146198334
30714508160
20359777133
23143255654
20147622733
20221286333
20086435048
27165596264
20050895328
30504603446
30715080962
27143754435
20222180334
27294357756
33714302979
20179204909
27256407286
20172790896
27286088320
27051505056
27183239223
20139624409
27211427405
20233284522
20246235318
30712083847
27322234193
20268446517
20410670810
20085365496
20176566443
20112173863
20324553615
20109752380
30710584059
27309808644
27263480193
20271883073
20214888824
20124631956
30707424547
30570070920
23206981504
27283719699
27303291062
20247160141
27106883896
33709744599
30547240118
20101696546
30709491411
30526124916
20254766454
20268033980
30655116512
30517295457
30644727463
30714159166
30698355464
30691617080
30645887111
30537882871
30702202813
30585918136
30714391263
30714017094
30555975623
27282294686
30702137469
23234525379
30707304185
30543502983
20177127567
27130390906
30590578971
30714554723
30716119277
30543886773
30529003656
30658415014
33696616049
23127271844
30695583008
30537781323
30708673680
27230734815
30680179650
27318779835
30711101329
27174096681
30712078002
30707059466
30709142441
30537679855
30716377241
33714391939
30715183389
30707295275
33707366589
30655725829
30594494187
30715053744
20304789396
33661913229
27110041603
30714380393
20226095366
20141021681
27202943328
20104987428
30672701631
27110574717
30641317310
30712523561
27183640599
30711111065
20246656658
33581605299
30678799714
33709794219
20237701578
20293190276
27203726967
20207033031
30714699942
20126018860
33710873459
27200128848
20187591334
33561330609
20310893650
20209988349
20211104784
30712083944
30710012217
30683107677
27126772659
30716266040
20302980978
30549277175
30710376553
33546132949
27127953452
33716468009
20340216173
20296683427
23177175994
20188623809
30694454409
20298182573
20267967459
20078372053
27134812775
27348009333
20267111295
30626219043
20170033338
27295535313
20307426154
27237664499
27183035571
27295718442
27062482821
30711328552
20163015448
30717042677
27132669819
33707904009
30632219055
20143998658
30692138747
33714877769
30540438060
20131328363
30519515241
20253601435
30650296997
30714128058
20238035067
20107058665
30714276359
30714843156
20256778727
30536155747
20268196758
30700989050
30693231481
30709585777
27208537623
30637253154
30504716380
30710665040
30699695242
27240407138
20167609210
20059423933
27179112782
27249054114
27929039535
20316385606
27141381275
20076169617
30540088213
20203505494
30696218842
20246107611
30640079378
27146145839
30690044389
27244465604
27137997768
30714970492
27205378834
27176069657
23117521559
20044312264
30715391674
20283587402
20298940087
27114922647
27176602908
30652145678
27149583322
30716101998
30716356678
20178790642
27101883359
27119869485
30709539295
27323584902
30654386192
27224653412
27140105916
20222985502
20164528465
30707451498
27290758152
30710247559
20277698073
27319356504
27279414425
23174828539
30709877794
27317440478
27318996933
27328665854
27202724065
23202492274
20236262708
30708634111
30653291260
20328589886
20250204494
20255848993
27169710096
27308598654
20238334862
20364772123
33711492629
30713628804
30710368089
23187971594
27347046790
30711672822
20304093677
20254220001
30529760015
30617833006
30680488866
27262007486
30690172786
30710559283
30707770305
30692188310
30711364842
30712021574
20180218360
27240151672
27177620691
30680899688
30709600539
30545933566
30500017011
20227598957
27940095889
23115765434
20232345242
27176569617
30715917471
30707623272
20303812157
30707917861
30710161085
20256126274
30711769591
30547838307
30626629942
30647359023
30523047783
30712294031
30518171565
20279476078
30628555695
33592731059
30699533412
30690783521
30706051836
20224103671
30710377568
30707741321
20111400106
23306429124
30715519727
30708803975
33680546709
30710664982
30714898473
30702652975
20351570025
30711300372
27177487614
27327163553
30708327634
20184152526
20281397037
27061824192
30699649321
20320539022
33649669029
20226398318
30555687911
30608517746
30506782518
30713491507
27250258408
23101331709
20209814847
27111213858
20085113683
30614587144
30615530065
23280940569
27344888162
30568459500
30679067431
30711373884
30697736154
27202002795
30712307419
30541677220
20138021530
20201842930
27134240240
33681449669
30707747257
20160903687
33707271499
30713282401
30708931914
30709071625
30544640212
30712558624
30623714418
30534958680
20149529854
27262797215
20148672718
27134340989
20126394579
20240685052
27139157856
30709013595
20141182596
20219617489
27109848560
30709429430
27215875291
27264742663
27223131447
30624317277
27240415491
27244247593
20187806837
30711094780
20306859758
27209022937
20136543963
30654968868
20161915840
27229297665
27272350162
30715357565
30691251191
20183973127
27239147327
20258103255
20310824586
20294030531
30702968808
27286358328
30716867125
27298007857
27233490828
27339809564
30711439311
20327047354
27226007968
30710657900
27282305157
30537556745
27216032662
30645242943
30712321314
30716298694
30664985469
30631931479
20179708060
20279340931
20226587617
30708660120
20208551877
30702368916
30717375633
27216496081
33711231299
20225179256
30709916331
30707299734
30709543969
30707623906
27244210193
30712490442
30624950468
24214413716
30515998140
23324567194
27131336204
30711875197
27308043733
20225907030
30708015616
30666209830
30653051537
30710413661
30627028969
33711308429
30503832565
20050717527
30660663270
20237706928
30557676798
30714380210
30711951462
30711312559
20290386978
30647284120
20124792208
27232514871
27256817999
27243969080
23101413179
20244237216
20345135325
27067155020
20167480447
20076328065
20261224845
33708727569
30711356645
30705463367
30707881409
27229634165
27941632926
20167858792
33649148339
30712450327
27162062048
27117028289
27232925820
20109179761
20132552305
20078877295
27185847867
20314576951
23260499424
20133775200
20113613921
20179216060
30714061794
20141615468
20128893173
33710954769
30714409545
27121136819
30714395048
23110364539
27240403477
30707196382
30716573075
20322581794
20259002207
30714175285
27923489075
27283350873
27246608445
27344308972
27290129643
20204081736
27122283351
23218727034
20171075956
20271201738
20163869382
20078261111
20346110180
27141476446
27325040896
20129025493
20226905848
27131086089
27283266058
20241901026
27324803489
27325564186
20301399627
30662600888
20215522211
20267485055
20954742491
20183902246
27202505150
30710986572
20224022132
20168236213
20179012023
20313676456
27218282011
30707728082
20066874053
23185170764
20124638853
30714055581
23164976394
27257909692
20183748581
23279508319
27308393769
20265892508
27202872161
20207290352
27174347404
20236706312
27202022591
27127646835
27261436251
20215443664
30640804463
27242523488
27235868828
30678774495
30603810550
30691236494
20230862940
30709337102
30650493016
20251875686
20261278309
20078692384
20142842573
23257850684
30546741253
27206648088
20320718393
20949106110
30691244063
30716405997
20312703344
30708478500
30683691271
30709776564
30520079129
30691617080
30697954917
33714016739
20174240125
30646811062
30659079468
30707950990
20163365686
27215326166
27121423095
20170363486
30577428618
30687033813
20255308859
27116320385
20220294502
27942061787
20101120652
27277088911
33707092659
20119338167
20140380459
20173636998
30522321741
20204121134
30710790643
20226451405
20138275508
27061930758
23082759409
30645722937
20121835720
20220738206
27114518021
20257153097
20140702731
27242827266
27179289690
20119513767
27186457108
20112240633
27263800155
20218285539
27245861341
20238349479
27230613244
27231914620
20122894917
27237910538
20255981421
30709574767
30593167859
30703239737
33715729569
20286774734
27216203920
20215520456
30711985766
20244584013
20173333855
30695542476
27323015711
27185805854
20182086372
27188773538
30714104566
27269690300
24261501283
20136991184
30694789478
27286560232
20294431188
20251448478
20224926902
27254761252
27284554030
20292298219
27222921843
27219866254
20118171455
20169614874
27113301223
20233727491
30710582072
27206724574
27251048598
30714367664
30518707627
30716926695
30500036393
23929788214
30702955285
20283344186
30525356481
20100694507
30710394780
20243760381
23170637054
30538474858
30500000127
30712906703
30677323759
30710940041
23287996969
20200013809
27254775466
20078514826
30689670624
30519658557
33699581629
30516712593
20132771872
30712423311
30551387832
27246240340
20267577391
30698322337
27926530599
27137695354
20293077682
20256768659
20112702564
27108938728
27137391010
30711451036
27228840276
27276914052
27102158194
20179857821
30637769002
27240554238
23247522379
20225591432
23269956259
23259522889
27234840679
20140883086
24289064288
23145055059
27127802225
27109293585
27178070202
23164245799
30703256275
20250845171
20114082423
27136127778
20286460594
30596538599
23339934614
30714359254
20060429600
30710412150
20339783048
20250420537
30646037154
20234531698
20433237960
20238472904
27291481898
20245733187
20943140864
27320269011
30715885596
27267117182
20220994806
27222518534
20249647536
20252921606
27954953985
20219715219
20169166235
27204304896
27319151074
27301355160
27215691913
20167542876
27190376260
30697693153
20233754243
27039927662
30615626461
33709294399
30576721710
33692148229
30705044801
30645722554
20937927909
20179984432
30712049967
20149007025
30695116884
33709619719
20224721871
30575945232
27925175027
20281313372
20044641500
30678145366
27177886446
30650672840
33663339759
30714079405
27205948126
30547240118
20321987703
27178100004
20245157291
30693136802
20254391922
20164905048
23262941299
20204691585
30602346567
30710119887
27222512102
20137350492
27136543100
27237873055
27245773043
20102017685
20263482035
20132221600
20178965779
27215888652
30500000127
27390604268
20184152801
23375181029
23119854644
20104288457
30707975020
30654236069
30708601108
30712063692
27109616244
27249777353
27170335827
20120418530
27119602934
20109041093
20076609803
20168447842
27377545112
20260320409
30707965920
30711155801
20934127448
23298342499
30681496331
30712808507
27267089952
27944563801
30542844562
30712447512
30703592194
30501445416
27270830043
30654855168
33714627959
23371196919
30716831120
20279175485
27149377722
27350343356
33547934429
27245667189
27260686009
30523356999
27116159746
27234854696
27133862876
27347142331
27113558623
30715612859
20127921696
30708772301
30715753541
20144779690
30610939062
20281592190
27312881689
27185973668
27297884773
27061582733
20165880898
30693379438
20217238634
20276410475
20170869282
27267264746
20321719156
20337925031
20175414992
30712485449
30677915834
30715078100
30639453975
30678814357
30641504579
30710476884
30708031891
30690197622
30500227997
30529760015
20180471953
20103990794
27248353169
27283815094
27206269788
27933012943
30708459875
30710898088
20175677268
27216662534
30639453738
27210411610
30709103446
27228467745
30715379941
30712370978
20120765303
30554807301
20161548104
30640897267
30714697303
20320647925
20311907345
27064333548
20320960852
27133543053
20226165216
27253963269
27356211184
33711557879
27251275039
20178026500
27311685037
33709109389
23273290834
30712353577
30714225142
30708809272
30714039683
33710799909
30611800718
30546666561
20361590938
27144912018
30715893416
30711340161
30715004247
27229432953
30603808238
20287853077
20112931423
20135121089
20231027514
20215880924
20116432456
27297165955
33707835759
33661374859
20236152945
20236708013
20178256123
27264758225
20232011034
27183339856
27205081122
20121033519
33526294179
27279737569
20303158422
30710620284
27339256530
27242972118
20218637206
23339506639
27206190626
23264779804
23165434579
27209886893
20073772835
27338522172
27289031265
30717014126
20264033277
27132266609
30715164090
20125875565
20248729032
30714691194
30708415487
30695243673
30684912220
20123570201
20162616944
23209737094
27230060776
27104254530
20245309547
20200333749
30716674270
30711364842
24918807841
27142559051